154347 55667 4731 7334
154347 44958 5158 7334
154347 37679 5487 7334
154347 32056 5810 7334
154347 28179 6012 7334
154347 25198 6101 7334
154347 22569 6274 7334
154347 20595 6332 7334
154347 18873 6436 7334
154347 17281 6512 7334
154347 16137 6561 7334
154347 15030 6625 7334
154347 14143 6655 7334
154347 13358 6682 7334
154347 12561 6759 7334
154347 11791 6773 7334
154347 11381 6785 7334
154347 10796 6784 7334
154347 10179 6858 7334
154347 9714 6893 7334
154347 9324 6886 7334
154347 8944 6898 7334
154347 8861 6893 7334
154347 8340 6947 7334
154347 8128 6953 7334
154347 7798 6952 7334
154347 7517 7024 7334
154347 7224 6990 7334
154347 7107 6997 7334
154347 6953 7002 7334
154347 6647 7025 7334
154347 6617 7032 7334
154347 6254 7040 7334
154347 6083 7054 7334
154347 5907 7026 7334
154347 5794 7047 7334
154347 5590 7083 7334
154347 5514 7053 7334
154347 5444 7074 7334
154347 5102 7076 7334
154347 5045 7082 7334
154347 5044 7084 7334
154347 4934 7094 7334
154347 4683 7116 7334
154347 4968 7074 7334
154347 4592 7106 7334
154347 4569 7108 7334
154347 4502 7115 7334
154347 4398 7118 7334
154347 4296 7149 7334
154347 4064 7132 7334
154347 4150 7138 7334
154347 4054 7147 7334
154347 3974 7140 7334
154347 3931 7131 7334
154347 3797 7179 7334
154347 3889 7152 7334
154347 3635 7155 7334
154347 3560 7168 7334
154347 3640 7166 7334
154347 3478 7165 7334
154347 3448 7170 7334
154347 3431 7156 7334
154347 3309 7181 7334
154347 3322 7195 7334
154347 3369 7179 7334
154347 3111 7176 7334
154347 3166 7187 7334
154347 3108 7191 7334
154347 3046 7187 7334
154347 3139 7196 7334
154347 2998 7170 7334
154347 2975 7206 7334
154347 2976 7183 7334
154347 2895 7193 7334
154347 2860 7204 7334
154347 2776 7215 7334
154347 2791 7185 7334
154347 2744 7209 7334
154347 2791 7198 7334
154347 2692 7196 7334
154347 2606 7203 7334
154347 2659 7195 7334
154347 2514 7209 7334
154347 2535 7221 7334
154347 2532 7203 7334
154347 2543 7210 7334
154347 2464 7215 7334
154347 2493 7218 7334
154347 2418 7212 7334
154347 2409 7241 7334
154347 2501 7212 7334
154347 2329 7210 7334
154347 2318 7226 7334
154347 2326 7224 7334
154347 2298 7211 7334
154347 2265 7229 7334
154347 2271 7215 7334
154347 2209 7233 7334
154347 2265 7226 7334
154347 2220 7234 7334
154347 2168 7241 7334
154347 2114 7234 7334
154347 2011 7237 7334
154347 2100 7243 7334
154347 2131 7237 7334
154347 2108 7222 7334
154347 1979 7246 7334
154347 2049 7225 7334
154347 2036 7235 7334
154347 1954 7241 7334
154347 2007 7235 7334
154347 1863 7245 7334
154347 1880 7260 7334
154347 1911 7249 7334
154347 1903 7246 7334
154347 1939 7233 7334
154347 1820 7240 7334
154347 1885 7236 7334
154347 1836 7246 7334
154347 1802 7256 7334
154347 1750 7253 7334
154347 1807 7238 7334
154347 1741 7230 7334
154347 1843 7236 7334
154347 1718 7254 7334
154347 1682 7258 7334
154347 1688 7253 7334
154347 1641 7256 7334
154347 1685 7256 7334
154347 1672 7243 7334
154347 1703 7265 7334
154347 1680 7249 7334
154347 1740 7263 7334
154347 1683 7256 7334
154347 1524 7261 7334
154347 1694 7242 7334
154347 1597 7247 7334
154347 1715 7266 7334
154347 1570 7250 7334
154347 1620 7252 7334
154347 1565 7262 7334
154347 1577 7263 7334
154347 1583 7266 7334
154347 1452 7260 7334
154347 1520 7251 7334
154347 1501 7258 7334
154347 1492 7269 7334
154347 1436 7279 7334
154347 1508 7261 7334
154347 1468 7266 7334
154347 1424 7268 7334
154347 1430 7269 7334
154347 1406 7268 7334
154347 1417 7274 7334
154347 1412 7266 7334
154347 1347 7264 7334
154347 1429 7259 7334
154347 1385 7278 7334
154347 1374 7267 7334
154347 1410 7264 7334
154347 1398 7268 7334
154347 1357 7276 7334
154347 1329 7259 7334
154347 1335 7265 7334
154347 1269 7267 7334
154347 1297 7273 7334
154347 1417 7258 7334
154347 1329 7281 7334
154347 1257 7274 7334
154347 1294 7276 7334
154347 1264 7284 7334
154347 1283 7281 7334
154347 1266 7271 7334
154347 1309 7265 7334
154347 1282 7275 7334
154347 1263 7269 7334
154347 1225 7278 7334
154347 1315 7269 7334
154347 1246 7278 7334
154347 1231 7271 7334
154347 1183 7278 7334
154347 1182 7268 7334
154347 1251 7282 7334
154347 1177 7289 7334
154347 1242 7280 7334
154347 1141 7278 7334
154347 1130 7276 7334
154347 1159 7276 7334
154347 1126 7285 7334
154347 1107 7273 7334
154347 1187 7272 7334
154347 1157 7273 7334
154347 1141 7273 7334
154347 1121 7290 7334
154347 1118 7282 7334
154347 1133 7277 7334
