147013 53064 0 0 0
147013 35832 0 0 0
147013 26857 0 0 0
147013 21509 0 0 0
147013 17975 0 0 0
147013 15364 0 0 0
147013 13464 0 0 0
147013 11986 0 0 0
147013 10832 0 0 0
147013 9703 0 0 0
147013 8876 0 0 0
147013 8420 0 0 0
147013 7747 0 0 0
147013 7207 0 0 0
147013 6770 0 0 0
147013 6338 0 0 0
147013 5960 0 0 0
147013 5599 0 0 0
147013 5339 0 0 0
147013 5184 0 0 0
147013 4793 0 0 0
147013 4694 0 0 0
147013 4708 0 0 0
147013 4343 0 0 0
147013 4182 0 0 0
147013 3862 0 0 0
147013 3867 0 0 0
147013 3728 0 0 0
147013 3707 0 0 0
147013 3394 0 0 0
147013 3309 0 0 0
147013 3253 0 0 0
147013 3183 0 0 0
147013 2953 0 0 0
147013 2965 0 0 0
147013 3001 0 0 0
147013 2847 0 0 0
147013 2754 0 0 0
147013 2657 0 0 0
147013 2619 0 0 0
147013 2554 0 0 0
147013 2520 0 0 0
147013 2422 0 0 0
147013 2419 0 0 0
147013 2377 0 0 0
147013 2316 0 0 0
147013 2205 0 0 0
147013 2216 0 0 0
147013 2160 0 0 0
147013 2108 0 0 0
147013 2120 0 0 0
147013 2014 0 0 0
147013 2009 0 0 0
147013 1996 0 0 0
147013 1940 0 0 0
147013 1861 0 0 0
147013 1774 0 0 0
147013 1826 0 0 0
147013 1838 0 0 0
147013 1787 0 0 0
147013 1724 0 0 0
147013 1711 0 0 0
147013 1745 0 0 0
147013 1606 0 0 0
147013 1563 0 0 0
147013 1581 0 0 0
147013 1595 0 0 0
147013 1605 0 0 0
147013 1602 0 0 0
147013 1647 0 0 0
147013 1538 0 0 0
147013 1506 0 0 0
147013 1378 0 0 0
147013 1425 0 0 0
147013 1381 0 0 0
147013 1400 0 0 0
147013 1365 0 0 0
147013 1357 0 0 0
147013 1277 0 0 0
147013 1329 0 0 0
147013 1340 0 0 0
147013 1299 0 0 0
147013 1266 0 0 0
147013 1236 0 0 0
147013 1276 0 0 0
147013 1236 0 0 0
147013 1230 0 0 0
147013 1240 0 0 0
147013 1198 0 0 0
147013 1250 0 0 0
147013 1168 0 0 0
147013 1116 0 0 0
147013 1132 0 0 0
147013 1085 0 0 0
147013 1101 0 0 0
147013 1046 0 0 0
147013 1096 0 0 0
147013 1077 0 0 0
147013 1076 0 0 0
