147013 2824 16359 17315 0
147013 1841 16742 17315 0
147013 1205 16915 17315 0
147013 990 16970 17315 0
147013 918 17042 17315 0
147013 776 17084 17315 0
147013 538 17116 17315 0
147013 646 17123 17315 0
147013 696 17144 17315 0
147013 430 17171 17315 0
147013 433 17188 17315 0
147013 471 17219 17315 0
147013 311 17204 17315 0
147013 270 17229 17315 0
147013 306 17215 17315 0
147013 246 17218 17315 0
147013 204 17248 17315 0
147013 186 17253 17315 0
147013 244 17222 17315 0
147013 207 17251 17315 0
147013 219 17227 17315 0
147013 174 17254 17315 0
147013 253 17238 17315 0
147013 193 17239 17315 0
147013 207 17241 17315 0
147013 172 17258 17315 0
147013 161 17255 17315 0
147013 156 17245 17315 0
147013 186 17253 17315 0
147013 304 17261 17315 0
147013 158 17257 17315 0
147013 223 17276 17315 0
147013 149 17274 17315 0
147013 128 17269 17315 0
147013 145 17263 17315 0
147013 123 17269 17315 0
147013 115 17278 17315 0
147013 117 17269 17315 0
147013 209 17268 17315 0
147013 122 17269 17315 0
147013 80 17290 17315 0
147013 112 17269 17315 0
147013 85 17291 17315 0
147013 282 17270 17315 0
147013 95 17280 17315 0
147013 109 17288 17315 0
147013 82 17278 17315 0
147013 79 17291 17315 0
147013 78 17274 17315 0
147013 99 17278 17315 0
147013 76 17287 17315 0
147013 72 17291 17315 0
147013 80 17284 17315 0
147013 77 17286 17315 0
147013 61 17297 17315 0
147013 67 17291 17315 0
147013 82 17285 17315 0
147013 75 17286 17315 0
147013 84 17287 17315 0
147013 51 17306 17315 0
147013 54 17296 17315 0
147013 162 17292 17315 0
147013 67 17292 17315 0
147013 76 17287 17315 0
147013 62 17295 17315 0
147013 50 17296 17315 0
147013 48 17302 17315 0
147013 64 17286 17315 0
147013 43 17296 17315 0
147013 75 17296 17315 0
147013 40 17301 17315 0
147013 53 17297 17315 0
147013 63 17295 17315 0
147013 73 17298 17315 0
147013 54 17298 17315 0
147013 105 17277 17315 0
147013 70 17290 17315 0
147013 98 17286 17315 0
147013 66 17292 17315 0
147013 53 17302 17315 0
147013 59 17291 17315 0
147013 55 17292 17315 0
147013 37 17305 17315 0
147013 42 17298 17315 0
147013 43 17292 17315 0
147013 54 17298 17315 0
147013 29 17307 17315 0
147013 78 17284 17315 0
147013 59 17296 17315 0
147013 45 17302 17315 0
147013 45 17300 17315 0
147013 41 17298 17315 0
147013 53 17291 17315 0
147013 41 17301 17315 0
147013 42 17297 17315 0
147013 45 17300 17315 0
147013 45 17296 17315 0
147013 45 17299 17315 0
147013 46 17300 17315 0
