147013 7456 0 0 0
147013 4887 0 0 0
147013 2470 0 0 0
147013 2515 0 0 0
147013 2366 0 0 0
147013 2014 0 0 0
147013 2103 0 0 0
147013 1606 0 0 0
147013 1542 0 0 0
147013 927 0 0 0
147013 1154 0 0 0
147013 994 0 0 0
147013 703 0 0 0
147013 444 0 0 0
147013 1001 0 0 0
147013 706 0 0 0
147013 438 0 0 0
147013 421 0 0 0
147013 630 0 0 0
147013 524 0 0 0
147013 509 0 0 0
147013 548 0 0 0
147013 425 0 0 0
147013 424 0 0 0
147013 436 0 0 0
147013 464 0 0 0
147013 683 0 0 0
147013 767 0 0 0
147013 273 0 0 0
147013 622 0 0 0
147013 243 0 0 0
147013 428 0 0 0
147013 144 0 0 0
147013 418 0 0 0
147013 697 0 0 0
147013 207 0 0 0
147013 434 0 0 0
147013 121 0 0 0
147013 215 0 0 0
147013 206 0 0 0
147013 249 0 0 0
147013 199 0 0 0
147013 86 0 0 0
147013 517 0 0 0
147013 334 0 0 0
147013 397 0 0 0
147013 257 0 0 0
147013 229 0 0 0
147013 306 0 0 0
147013 186 0 0 0
147013 306 0 0 0
147013 303 0 0 0
147013 79 0 0 0
147013 226 0 0 0
147013 294 0 0 0
147013 211 0 0 0
147013 317 0 0 0
147013 76 0 0 0
147013 177 0 0 0
147013 344 0 0 0
147013 200 0 0 0
147013 248 0 0 0
147013 153 0 0 0
147013 367 0 0 0
147013 62 0 0 0
147013 199 0 0 0
147013 45 0 0 0
147013 382 0 0 0
147013 276 0 0 0
147013 74 0 0 0
147013 184 0 0 0
147013 225 0 0 0
147013 63 0 0 0
147013 73 0 0 0
147013 372 0 0 0
147013 248 0 0 0
147013 298 0 0 0
147013 326 0 0 0
147013 357 0 0 0
147013 54 0 0 0
147013 204 0 0 0
147013 286 0 0 0
147013 37 0 0 0
147013 41 0 0 0
147013 43 0 0 0
147013 55 0 0 0
147013 175 0 0 0
147013 163 0 0 0
147013 288 0 0 0
147013 187 0 0 0
147013 192 0 0 0
147013 41 0 0 0
147013 51 0 0 0
147013 42 0 0 0
147013 40 0 0 0
147013 190 0 0 0
147013 45 0 0 0
147013 44 0 0 0
147013 48 0 0 0
